39
4
49
20
73
20
26
89
45
18
18
58
73
57
79
81
70
98
80
33
82
29
39
4
8
32
94
29
39
26
93
67
8
2
57
11
47
9
91
5
24
6
52
20
62
53
26
9
6
66
37
13
86
36
28
16
2
30
19
63
95
66
52
5
83
50
62
66
34
40
77
49
18
14
29
0
3
50
47
54
81
19
66
93
62
63
80
93
33
13
32
70
77
11
68
54
36
65
31
23
11
15
0
40
3
90
55
86
42
19
98
99
28
53
25
51
9
69
23
24
80
95
60
92
11
32
67
41
78
59
57
85
34
29
53
7
22
22
95
90
44
69
0
85
38
56
19
1
57
10
94
92
64
30
25
31
18
45
64
15
53
7
52
48
43
47
39
62
31
81
17
25
98
94
84
40
12
84
56
86
17
23
92
14
68
11
1
14
55
43
28
68
6
23
44
72
79
59
74
80
75
73
97
93
66
30
82
0
45
80
16
87
13
39
45
14
29
10
57
33
8
17
13
3
33
2
72
37
64
81
14
98
62
73
58
60
5
64
38
12
26
66
34
22
69
59
6
52
2
91
77
73
51
28
98
5
33
15
58
88
47
91
12
64
27
76
37
81
52
20
9
45
22
44
24
60
64
66
14
79
80
18
88
76
2
87
43
5
91
52
36
19
13
4
19
74
43
67
22
64
21
31
74
6
70
52
72
82
16
56
65
55
55
23
51
92
55
70
25
45
74
15
79
12
56
17
99
47
69
2
5
41
54
12
93
28
6
72
30
79
84
50
7
50
1
33
63
43
48
30
71
99
63
57
55
90
69
92
29
79
49
26
37
32
90
79
26
7
61
69
68
39
64
59
61
78
1
62
25
59
51
78
69
83
61
50
83
77
93
5
96
24
37
41
76
46
12
57
98
6
87
71
32
46
88
24
42
48
77
36
72
55
22
79
87
82
89
91
96
9
34
31
96
96
86
15
88
94
18
21
24
34
1
98
59
16
28
64
54
35
38
9
15
23
91
24
74
96
82
2
26
51
94
18
21
75
59
90
49
35
86
20
81
19
47
98
45
54
48
51
74
64
19
59
85
48
41
33
93
69
1
67
49
85
71
70
68
79
46
77
97
75
6
41
39
48
96
79
26
95
56
46
17
19
28
99
75
44
11
75
16
96
93
16
65
81
7
33
0
10
15
8
83
13
85
49
36
70
65
93
10
18
20
44
39
55
58
53
41
5
83
97
44
38
35
12
85
46
25
24
5
0
71
62
18
22
3
79
75
21
97
72
68
89
64
10
80
5
41
81
14
58
60
8
12
26
18
82
34
24
0
41
16
19
77
69
87
52
27
87
53
89
80
15
77
83
41
91
25
21
8
63
0
15
14
51
12
42
51
44
92
87
30
99
88
25
2
15
41
93
55
74
1
9
36
80
81
77
37
96
13
22
72
39
45
64
80
22
72
4
30
84
27
55
86
83
81
86
86
41
2
19
10
7
35
17
30
9
43
33
85
43
32
73
28
65
18
73
28
6
61
48
10
72
18
73
51
8
83
56
12
35
68
8
36
99
55
62
1
87
13
96
37
59
86
9
9
8
6
7
65
75
98
23
43
34
43
11
15
74
23
33
12
22
64
59
29
13
38
72
26
14
53
79
26
25
64
56
98
70
67
4
19
19
87
65
74
15
76
67
29
90
96
53
19
92
94
69
25
13
2
55
96
62
16
61
82
0
25
44
80
1
51
46
66
60
64
85
55
51
14
96
81
24
22
85
65
29
98
84
24
92
10
90
29
55
21
90
14
49
30
17
23
87
31
60
30
62
10
5
9
2
12
50
31
42
13
5
9
95
51
25
10
77
79
86
85
69
66
78
23
58
5
24
89
66
99
10
71
36
28
30
17
92
8
85
19
26
22
9
76
25
67
85
31
93
3
63
89
24
53
58
31
90
44
17
77
95
15
61
1
10
39
43
58
81
88
74
76
60
64
56
17
58
12
79
95
35
61
76
84
36
7
84
3
82
74
84
89
82
38
83
40
73
93
78
61
28
89
3
4
7
0
95
33
76
38
3
46
99
93
22
3
0
36
98
32
85
0
76
33
95
1
97
48
40
44
0
21
91
70
62
22
51
52
9
23
77
15
21
64
86
32
41
26
2
40
39
8
44
77
34
2
34
56
44
53
43
43
92
79
60
49
66
22
45
42
12
36
47
5
61
61
35
16
36
32
4
94
95
17
26
65
97
84
47
87
27
84
95
47
75
2
97
96
83
53
48
89
93
